count: 12767
mean: 2.474673954997149e+20
median: 2.4664097307429e+20
mode: 4.99994082497151e+20
variance: 2.0910793147136484e+40
standard_deviation: 1.4460564700984703e+20
Execution time: 0.010073184967041016s.