count: 3000
mean: 1.8790659927977473e+20
median: 1.88008049965543e+20
mode: 3.74846462174395e+20
variance: 1.153090469953066e+40
standard_deviation: 1.0738205017381005e+20
Execution time: 0.0019345283508300781s.