count: 3000
mean: 1.8790659927977444e+22
median: 1.88008049965543e+22
mode: 3843222294712390000
variance: 1.1530904699530643e+44
standard_deviation: 1.0738205017380997e+22
Execution time: 0.006625175476074219s.