count: 12767
mean: 2.4746739549971625e+22
median: 24664097307429000000000
mode: 959633632258150000
variance: 2.0910793147136633e+44
standard_deviation: 1.4460564700984756e+22
Execution time: 0.029104948043823242s.